100 100 30
01 08 22 28 02 30 22 12 10 20 02 02 16 16 05 14 09 06 21 13 29 07 23 24 09 01 01 25 11 11 24 12 10 15 01 12 07 22 15 08 03 17 01 10 02 05 15 02 03 05 06 01 12 29 25 12 29 17 07 02 19 22 13 29 29 05 10 27 18 16 04 20 02 27 29 03 01 13 26 25 09 02 26 20 22 12 24 12 20 30 13 08 13 17 28 11 21 29 07 08 
15 03 19 16 21 09 11 21 13 28 08 22 29 25 03 12 06 18 24 17 09 06 16 22 23 14 24 05 12 23 05 18 17 15 04 07 16 06 19 28 03 26 11 24 20 06 05 17 23 28 03 02 26 19 15 10 24 08 06 05 30 10 23 16 17 18 22 02 15 11 21 17 28 02 10 18 29 07 26 13 26 29 06 21 09 20 30 02 20 06 28 11 07 12 27 15 29 10 16 13 
12 07 22 10 30 23 19 20 29 14 24 25 12 30 15 12 11 07 13 22 04 11 03 02 22 29 17 13 30 24 17 12 22 08 13 21 01 01 02 21 06 26 15 10 25 22 21 27 20 26 19 15 06 21 08 19 11 24 23 10 10 10 13 01 17 17 14 09 09 15 30 15 10 06 24 26 19 06 15 30 01 03 14 28 15 22 17 25 07 09 26 16 18 01 09 27 09 22 27 18 
06 18 02 08 16 17 25 04 14 09 04 15 03 09 12 17 22 20 11 21 29 29 28 08 21 06 26 29 27 15 16 25 02 09 24 17 17 18 13 01 19 08 15 21 16 18 08 30 08 10 20 28 30 17 27 20 23 15 19 11 29 26 27 22 27 20 01 13 30 13 05 18 20 19 30 27 29 07 26 06 09 07 25 08 24 21 20 08 05 30 10 25 25 07 17 13 18 17 26 09 
21 22 18 02 03 18 28 01 16 16 06 24 22 30 24 07 12 13 14 09 12 24 25 28 22 11 11 09 19 28 18 09 19 05 10 21 22 30 21 30 07 18 23 28 09 16 27 13 28 10 21 01 25 15 29 16 18 01 17 28 20 04 07 08 30 08 21 14 29 03 13 05 13 05 25 21 13 21 25 02 22 07 03 09 14 23 16 01 15 02 28 04 27 26 11 19 26 23 02 16 
26 06 21 08 02 15 20 14 27 15 08 18 21 10 18 04 24 04 26 08 27 16 11 24 03 13 04 20 06 05 06 23 02 26 22 03 02 11 17 28 17 16 07 30 25 25 25 10 20 21 17 16 06 19 01 30 01 04 20 28 30 25 20 01 12 11 26 13 14 12 02 22 27 08 21 13 24 16 14 05 06 22 21 03 10 13 24 02 09 13 30 08 29 11 01 10 14 26 22 27 
29 15 18 17 23 09 21 08 16 04 13 13 25 25 15 26 07 08 27 15 13 26 15 11 29 15 21 12 02 04 08 30 19 17 08 03 17 28 02 02 23 06 14 09 30 20 04 29 20 30 05 02 18 19 04 16 25 16 19 18 12 26 09 30 04 16 24 21 05 17 14 27 23 20 05 14 09 30 12 28 30 17 21 09 27 25 16 22 02 04 09 13 21 18 04 16 25 27 28 30 
14 12 18 28 01 15 11 01 14 23 21 05 01 11 05 27 27 20 10 29 15 11 11 05 20 07 13 14 03 10 05 08 21 23 27 13 29 08 14 04 22 04 09 22 06 13 18 25 25 20 23 09 30 25 06 19 01 18 24 26 19 29 25 10 13 22 14 11 29 27 14 20 22 14 03 28 19 12 22 13 01 06 13 22 22 10 10 15 19 04 10 08 02 04 09 06 17 22 08 15 
19 21 26 02 27 20 21 15 02 12 19 24 09 23 16 01 03 25 07 13 20 16 20 21 11 20 18 28 12 25 04 22 08 22 23 04 11 14 10 04 17 28 28 18 12 13 10 06 29 16 19 19 23 30 01 03 20 19 22 23 13 18 14 20 09 28 15 11 11 24 15 20 13 04 07 17 16 16 22 14 23 10 02 15 02 03 17 13 13 01 05 25 18 18 07 18 15 13 28 18 
29 04 07 11 07 05 27 14 12 11 28 04 12 21 18 13 15 26 25 27 26 21 14 05 30 12 22 15 24 12 24 22 15 22 25 14 26 13 27 29 23 16 02 27 29 11 09 13 28 26 02 16 16 07 20 16 10 04 22 03 15 07 17 21 28 03 04 15 15 23 05 30 08 28 26 06 08 26 11 27 13 04 12 21 02 24 28 11 27 11 05 11 17 13 23 06 15 19 12 22 
11 16 13 10 05 30 08 04 17 10 30 30 13 12 20 06 27 17 08 23 27 12 25 05 17 17 02 23 05 13 14 07 20 18 17 24 17 24 27 04 03 18 25 07 21 14 04 17 22 11 09 10 14 25 14 30 04 15 23 30 19 28 07 30 16 15 15 24 08 11 19 02 20 13 30 11 18 25 27 09 05 28 18 18 22 23 10 17 29 02 17 17 21 23 16 28 07 30 22 06 
02 02 29 14 15 20 24 24 14 12 25 18 01 04 27 15 27 06 01 25 29 17 04 20 09 11 09 07 03 22 12 26 24 02 09 30 21 24 23 04 28 17 21 28 21 18 04 09 15 05 25 14 13 20 25 22 01 03 20 25 25 24 12 10 25 13 09 16 06 23 11 25 02 02 23 14 11 18 22 17 22 08 30 05 28 16 18 20 11 29 06 27 22 17 06 09 29 06 24 27 
28 26 21 21 19 05 04 29 23 17 08 14 17 29 10 14 15 19 25 25 18 30 21 09 08 18 09 07 23 02 03 12 20 23 03 08 28 28 29 12 07 06 25 23 04 27 28 18 15 14 04 24 05 16 25 12 03 03 18 25 27 20 07 16 05 01 23 24 28 21 05 26 18 21 10 22 17 07 01 24 12 05 09 16 20 03 28 15 28 15 09 24 27 07 01 23 07 23 16 27 
06 20 14 23 10 24 14 19 22 07 04 04 11 12 19 22 07 08 06 04 23 07 19 11 13 19 03 12 11 10 30 08 29 13 01 30 06 06 18 20 12 13 23 14 25 03 28 23 11 25 26 25 01 14 27 06 24 29 09 04 08 08 04 28 12 04 27 10 01 07 29 05 19 21 18 05 15 07 27 25 02 14 11 02 27 07 29 12 27 07 08 26 14 11 23 18 06 12 27 06 
18 25 10 28 07 20 03 13 26 29 08 27 13 10 21 01 09 19 13 05 18 20 01 23 22 15 10 27 26 06 24 05 22 26 03 28 15 05 11 02 25 10 21 29 11 03 22 19 13 26 24 30 07 16 23 28 30 02 24 18 30 09 22 21 04 16 19 10 12 21 04 29 22 24 27 02 26 18 21 08 05 06 30 11 13 22 30 04 15 15 21 14 24 05 05 27 12 15 29 24 
05 02 22 26 25 18 19 12 28 01 11 24 06 10 05 18 23 04 22 08 19 04 21 04 30 25 30 12 09 28 05 13 21 26 30 15 05 11 18 24 11 29 10 17 30 14 26 23 09 09 30 19 05 12 22 04 07 14 15 15 03 19 20 24 06 11 30 03 21 18 18 02 08 27 10 29 02 27 21 11 28 12 21 02 24 13 05 22 18 20 06 20 30 17 05 28 20 05 30 10 
14 09 03 13 06 04 11 29 23 24 09 20 05 22 13 20 04 17 11 13 28 09 02 28 25 29 17 06 03 08 08 08 16 10 20 13 06 30 12 20 23 12 01 20 03 13 09 28 29 20 10 19 20 04 16 06 02 02 12 26 01 19 03 16 20 22 21 25 21 02 06 06 05 06 25 30 18 03 27 17 14 29 05 03 24 12 09 25 05 20 20 05 30 14 12 19 05 02 06 17 
25 11 22 30 17 16 21 04 11 09 12 24 07 08 19 30 19 19 16 15 30 27 11 29 10 23 17 06 16 22 15 11 25 06 02 11 14 22 14 24 30 18 09 29 25 19 20 06 07 06 12 06 24 23 04 26 07 13 01 14 26 15 24 20 13 17 22 18 30 06 03 22 15 11 12 09 30 01 14 28 28 26 04 22 10 29 09 16 11 09 29 29 16 15 10 20 23 02 07 15 
29 09 28 13 19 09 21 10 01 27 30 29 14 03 12 23 23 20 30 26 20 20 24 27 26 03 16 11 26 22 25 24 30 22 06 11 22 19 12 22 07 11 12 20 05 23 04 28 04 25 23 16 14 08 12 02 02 28 12 28 19 28 21 19 11 19 21 02 29 02 23 27 13 27 08 09 11 11 06 15 27 20 30 10 27 03 03 29 30 06 18 11 03 30 21 13 18 11 06 08 
12 21 04 16 17 11 17 27 13 22 11 09 12 02 11 30 27 05 20 26 11 07 06 13 07 26 18 16 28 23 16 02 13 11 09 29 22 25 26 26 17 28 27 20 22 07 11 18 11 01 05 13 29 11 26 05 28 13 13 18 05 28 19 18 08 27 08 21 22 25 09 30 23 05 19 06 03 21 23 05 21 19 18 12 29 05 16 19 17 20 06 13 17 24 22 17 12 30 29 03 
24 07 02 08 03 12 13 05 03 27 10 15 16 19 26 06 23 04 16 01 23 13 13 02 28 27 10 10 26 08 12 11 07 06 11 09 17 23 14 19 12 15 04 19 25 21 16 17 24 02 17 17 14 21 10 12 17 19 13 04 18 24 15 24 29 25 25 08 09 30 26 12 14 21 30 30 12 16 08 05 09 24 13 22 06 14 25 23 02 07 18 12 23 24 27 13 18 21 20 19 
20 16 30 25 28 22 24 09 29 01 06 07 16 18 28 22 24 15 06 25 13 15 28 27 09 25 10 18 15 29 06 27 06 28 21 04 11 07 04 09 07 09 15 15 19 04 28 12 10 25 28 23 09 26 19 17 12 28 05 18 19 02 14 16 21 05 19 01 11 15 01 09 23 15 23 03 19 12 06 28 06 04 12 15 21 23 23 24 12 27 11 30 21 25 16 03 29 26 04 01 
10 04 01 25 11 16 19 21 27 25 18 03 20 22 09 02 14 01 25 25 20 05 17 10 29 02 12 19 19 07 11 21 03 12 07 13 27 25 03 15 11 12 17 22 03 25 23 08 18 09 03 07 14 19 08 04 12 19 23 22 18 25 12 20 06 10 24 24 05 26 09 07 07 17 29 02 04 13 09 21 22 03 19 27 13 26 30 16 06 22 08 23 17 11 04 14 21 27 08 17 
22 08 15 21 24 05 14 19 18 22 09 01 17 27 27 29 14 26 15 20 10 14 12 18 16 16 01 06 12 30 14 26 29 29 08 15 03 21 03 20 04 12 12 20 30 08 11 14 04 17 25 13 30 06 30 15 13 22 13 17 14 26 04 12 16 11 26 19 01 21 30 04 24 12 16 23 19 26 28 22 12 22 26 03 20 17 09 24 01 21 10 14 09 13 17 24 23 05 12 15 
25 04 11 18 15 26 02 25 13 22 09 24 05 04 18 24 13 26 18 13 17 19 26 17 24 04 10 08 08 14 23 02 17 03 11 01 20 13 17 02 04 25 17 08 21 04 24 03 21 03 15 29 21 02 15 14 05 25 22 05 08 06 06 24 30 09 16 19 21 02 12 16 19 28 15 09 23 30 11 13 02 17 12 15 18 18 28 14 12 11 18 11 16 16 26 07 24 03 17 06 
27 28 13 15 17 27 23 01 27 03 06 20 19 09 04 28 26 24 03 30 04 21 10 12 28 28 18 21 30 05 18 26 24 30 10 11 26 02 03 14 26 08 04 06 16 07 25 12 30 28 11 26 18 12 07 15 09 16 27 09 12 14 04 28 13 06 30 30 07 02 14 25 10 17 22 25 15 17 28 15 14 08 02 01 20 30 07 20 15 03 28 19 08 24 08 20 29 07 19 27 
08 24 21 17 02 13 04 17 21 01 23 04 01 24 26 12 23 02 01 29 26 21 09 03 14 16 14 04 22 24 30 22 18 13 30 19 17 03 27 07 26 19 10 18 04 27 29 26 28 21 17 15 11 17 09 16 03 14 19 16 07 19 07 16 23 29 27 09 01 23 07 18 12 08 05 07 04 25 25 01 08 11 07 18 19 15 04 13 28 22 29 26 02 27 04 24 25 30 24 18 
22 30 27 25 29 02 02 02 18 18 24 25 20 30 05 08 06 08 21 25 21 19 13 15 07 16 30 02 15 24 11 28 15 07 15 14 30 08 07 18 25 01 04 14 22 08 21 28 07 03 14 20 21 26 04 20 11 03 21 17 18 01 15 25 07 29 30 07 28 06 16 22 06 19 27 28 19 17 17 25 20 30 06 02 26 09 21 28 04 03 15 13 25 21 07 24 11 06 22 08 
04 07 29 01 17 25 28 27 03 06 14 14 28 19 08 23 28 28 12 23 23 26 05 17 16 12 10 18 09 01 25 12 29 15 13 16 01 02 12 04 30 25 09 27 06 16 11 25 06 22 17 28 10 13 06 17 16 16 05 25 08 21 28 07 06 02 14 06 04 17 01 03 04 10 21 09 17 01 03 22 14 11 11 23 23 17 10 09 02 06 03 01 26 22 07 01 24 12 29 27 
29 21 21 02 22 03 02 09 03 04 22 08 14 03 01 28 19 02 06 12 29 30 04 24 22 11 17 15 14 07 03 12 27 15 05 19 17 06 27 19 01 10 18 06 12 18 04 22 11 09 25 09 09 29 25 30 01 11 06 14 17 08 18 05 22 22 23 08 20 11 18 20 21 05 18 24 15 21 08 25 29 02 26 29 30 20 20 22 22 25 06 30 02 23 04 15 06 19 22 25 
29 01 07 11 06 24 27 12 06 04 06 04 05 23 25 27 12 14 18 25 09 15 24 02 07 20 17 05 08 30 21 28 01 19 01 28 04 19 09 09 22 06 13 18 21 29 06 24 12 24 19 12 08 04 06 07 23 14 03 22 13 23 12 05 04 04 02 07 22 02 16 13 30 20 22 20 18 28 13 21 13 01 03 12 27 30 18 11 13 12 03 25 27 06 30 30 09 23 06 30 
17 21 04 16 02 17 05 19 14 09 02 26 02 26 08 28 25 17 08 07 29 02 23 25 29 14 16 07 07 21 28 23 04 01 30 05 18 26 16 23 04 17 11 05 12 18 24 28 26 02 04 16 25 26 10 24 02 25 22 08 08 20 22 03 12 13 07 21 08 14 14 11 22 24 08 25 03 01 22 20 24 25 06 11 13 15 04 14 02 25 13 01 06 26 03 18 08 01 30 07 
15 05 17 28 20 24 23 14 17 14 04 10 01 09 20 05 15 15 10 16 02 22 08 07 09 02 16 08 03 08 14 09 12 22 06 02 16 28 07 24 12 10 25 04 18 15 08 03 21 17 10 22 30 18 21 08 19 28 07 13 05 20 21 09 11 19 02 18 08 08 03 11 18 28 14 05 04 21 07 24 07 09 16 28 18 28 27 28 25 03 11 30 14 23 08 25 03 09 04 11 
08 07 21 25 26 05 30 29 25 28 22 24 06 29 21 15 26 10 13 13 12 23 04 26 07 03 12 10 03 07 20 10 05 10 05 30 14 26 28 01 15 12 16 13 10 28 27 28 07 09 10 11 01 13 28 08 15 09 17 17 07 28 26 12 07 22 03 13 17 01 05 02 12 12 14 13 09 10 10 08 19 19 18 11 01 07 10 07 07 18 15 13 15 11 16 14 24 19 18 11 
11 22 04 14 03 09 18 03 10 28 02 20 16 11 01 09 17 02 07 23 20 22 28 26 24 13 09 17 23 26 27 25 09 22 30 03 30 18 28 10 15 29 29 22 10 21 22 26 23 29 11 04 20 08 29 13 20 30 21 05 17 18 29 26 01 21 20 23 08 17 24 22 16 22 05 17 05 27 04 19 17 14 22 28 21 12 10 03 11 30 29 28 09 19 15 02 09 04 24 16 
21 17 29 28 30 04 06 26 22 09 14 30 15 27 27 27 09 28 21 11 27 19 08 28 08 14 21 16 18 14 24 30 22 22 19 13 17 24 09 30 24 14 29 08 11 25 05 11 22 25 21 11 06 21 30 13 04 20 20 13 25 13 04 16 27 14 20 05 29 28 05 23 12 03 22 14 20 18 24 11 05 06 21 10 26 12 14 22 01 25 26 17 30 30 24 26 13 14 30 04 
03 26 26 14 21 09 19 10 27 12 20 01 18 03 02 05 06 15 18 07 09 14 15 08 05 09 25 09 22 17 12 24 12 29 30 24 08 18 03 04 30 15 26 09 09 27 05 14 03 23 12 03 28 27 11 02 05 27 10 18 05 14 11 17 12 02 02 19 20 05 14 11 19 09 11 27 05 15 02 29 29 14 02 26 10 04 27 14 30 29 01 05 12 03 13 23 05 14 04 16 
10 17 18 20 26 28 16 22 04 10 21 03 23 14 28 02 17 17 07 08 07 29 04 18 01 08 02 27 14 27 04 23 14 21 13 01 10 20 22 14 29 04 08 21 09 27 14 25 13 20 25 11 18 20 20 11 28 22 07 11 10 03 25 23 23 07 23 25 19 07 08 09 02 07 22 11 03 05 27 08 17 21 18 04 11 08 14 30 21 13 10 30 15 26 15 29 25 29 23 13 
05 22 13 29 28 04 09 01 01 27 30 17 18 17 12 20 16 26 19 06 30 20 28 06 07 04 26 01 02 11 05 29 02 18 27 30 13 27 22 13 23 21 29 10 29 11 21 15 28 01 12 19 12 01 16 19 04 11 19 06 21 16 26 23 03 22 14 15 18 27 20 10 09 10 12 07 12 24 13 01 17 17 19 28 17 04 08 13 07 19 10 27 04 05 11 28 18 16 12 27 
04 23 06 12 03 09 11 14 25 15 07 11 01 25 08 10 21 08 14 19 26 23 15 29 19 18 26 28 25 29 24 29 14 21 02 16 30 04 21 24 19 27 26 11 14 25 12 26 02 25 14 27 09 20 17 19 29 04 16 24 25 09 14 08 30 15 15 21 19 05 06 29 24 01 09 29 25 21 24 19 07 29 15 16 10 24 26 09 27 12 24 13 12 07 20 11 13 04 23 23 
01 28 21 24 20 22 14 07 04 29 25 10 27 01 17 06 16 13 06 05 16 21 17 27 27 07 30 02 02 14 16 02 04 29 17 23 20 30 21 23 28 07 24 16 30 03 22 15 15 19 19 22 10 28 10 28 26 01 21 27 15 07 29 18 05 07 02 16 07 23 30 26 21 23 12 20 17 25 05 01 13 15 14 14 12 24 12 29 24 02 26 08 30 16 17 04 22 19 11 20 
03 10 16 15 25 19 05 11 13 01 04 25 07 09 09 11 02 12 09 18 13 04 17 13 11 04 08 03 14 11 14 08 20 21 22 06 09 26 09 21 18 12 08 25 12 08 05 06 11 05 23 15 09 01 19 11 26 27 05 09 07 19 08 18 01 30 16 10 17 24 22 05 27 29 21 08 28 17 13 08 21 27 23 21 28 11 02 23 29 28 24 27 16 01 07 17 22 22 18 09 
15 09 05 11 30 17 10 27 03 15 27 15 11 11 28 08 13 29 23 12 26 16 30 04 08 06 12 30 27 29 30 03 07 26 05 28 12 15 25 06 29 13 20 09 15 09 09 27 07 23 30 25 08 30 20 07 27 01 06 16 21 27 18 19 22 23 17 25 29 03 30 19 15 12 19 21 20 27 17 19 19 17 05 18 08 16 17 26 08 14 11 28 11 21 16 24 05 02 19 03 
26 10 21 02 13 09 22 25 28 09 05 08 17 01 18 16 16 04 11 23 17 14 12 19 04 27 13 08 21 23 02 08 02 22 10 07 22 01 01 11 09 05 19 17 27 06 02 12 01 05 26 09 18 07 28 13 25 02 12 07 24 13 15 17 26 24 23 17 24 15 28 25 11 08 11 07 05 05 18 05 09 05 05 18 03 02 22 28 25 03 26 18 15 02 27 10 17 19 18 03 
26 07 27 06 14 29 13 18 25 22 14 25 27 19 12 21 12 03 10 07 27 06 24 11 29 20 12 16 01 30 18 26 06 06 01 12 26 05 29 21 27 05 15 15 23 19 05 04 13 15 10 10 12 26 12 10 07 24 17 07 23 04 24 20 01 17 01 27 21 22 09 09 26 23 23 10 03 20 13 08 26 15 17 29 10 20 30 16 13 17 15 27 12 08 09 13 24 01 09 07 
22 17 15 09 01 30 18 26 19 01 03 06 07 11 04 16 30 03 23 13 19 07 01 01 07 09 05 22 10 13 28 23 21 13 02 13 12 19 08 22 11 02 27 09 12 30 24 12 24 09 16 05 07 08 05 05 17 09 27 18 13 16 02 25 28 03 07 01 14 07 14 16 08 10 25 12 01 10 15 17 10 22 21 17 29 17 21 07 25 09 16 29 25 18 15 14 20 21 07 25 
19 20 11 19 22 27 30 22 06 06 30 08 27 20 24 25 06 06 02 22 07 17 20 01 04 04 06 16 17 12 10 27 02 12 15 15 08 06 06 06 11 28 13 07 17 28 24 23 25 25 06 01 03 18 23 29 21 29 14 29 10 15 18 03 19 02 17 26 30 15 23 02 12 27 01 20 16 24 04 11 10 10 11 12 27 26 02 09 24 07 30 25 22 17 20 10 10 06 27 09 
12 12 03 15 08 03 05 24 26 30 04 05 01 06 08 27 01 10 28 16 08 27 11 29 05 22 30 14 19 19 15 01 30 17 07 07 19 03 22 06 03 25 02 03 23 09 22 15 10 11 01 18 29 03 08 03 24 30 08 04 18 22 04 17 30 03 15 10 05 07 15 29 23 16 02 15 17 15 22 18 25 22 05 23 16 13 17 01 12 24 04 21 16 30 07 07 02 13 17 28 
19 23 27 12 01 20 18 17 04 09 04 20 22 01 12 29 13 28 21 16 13 25 06 28 16 04 05 09 16 13 06 27 05 02 08 05 21 17 13 16 18 09 05 09 09 08 30 13 27 20 20 10 06 25 07 13 20 03 21 27 07 27 23 12 20 22 08 03 09 21 18 18 29 23 18 29 22 17 11 19 29 30 28 04 16 26 17 05 21 07 23 27 25 16 30 07 07 08 09 07 
20 18 16 10 10 04 08 24 20 18 12 18 09 09 14 24 04 30 20 24 28 12 13 15 19 12 21 18 19 21 16 30 08 02 09 10 05 16 03 16 25 14 26 25 22 09 18 17 30 29 03 19 11 15 03 29 18 15 16 07 05 24 28 13 25 07 14 29 14 16 14 09 29 01 03 12 09 13 20 30 11 22 19 13 28 21 04 16 28 11 14 02 04 11 06 28 17 19 18 01 
26 24 01 24 24 25 27 25 29 17 24 10 08 12 14 28 25 09 13 22 20 26 15 15 06 13 05 15 23 22 07 19 07 29 04 01 23 01 25 22 17 10 23 16 22 28 13 08 07 25 21 18 12 27 02 18 09 06 24 24 20 30 12 26 28 15 26 12 15 12 03 23 22 17 09 05 15 21 12 21 08 24 08 19 20 01 28 21 07 21 14 26 12 25 21 01 01 09 13 08 
12 07 30 25 24 30 21 08 13 24 20 12 17 19 30 07 19 20 27 17 10 10 12 14 26 25 14 18 25 26 25 28 03 17 23 18 16 13 17 20 29 28 01 15 16 01 21 04 12 09 13 21 10 16 26 05 10 10 23 26 27 09 16 21 25 08 08 03 12 16 22 10 13 15 17 28 07 07 24 18 08 06 30 17 21 26 14 23 27 28 10 23 06 25 06 23 24 05 25 28 
21 08 29 03 22 15 23 28 14 08 15 21 05 07 07 17 02 12 09 20 09 11 04 07 05 09 29 21 06 23 18 26 22 16 20 14 01 04 03 14 11 10 26 07 16 24 24 09 06 24 28 14 04 01 20 01 02 10 21 07 02 30 24 16 15 13 21 07 09 23 12 11 24 07 18 09 01 11 09 06 04 28 11 30 21 23 30 22 02 12 20 26 11 13 11 17 17 01 24 25 
15 27 06 09 04 23 09 26 25 10 23 28 07 03 19 27 17 18 10 11 29 29 06 01 03 08 18 20 30 03 06 14 21 11 14 24 25 23 19 11 02 03 09 30 06 27 27 14 07 06 24 27 27 21 28 29 28 07 18 19 01 16 03 21 26 08 07 13 30 17 23 23 20 23 23 17 12 11 30 10 08 24 06 04 06 25 03 26 23 12 14 15 27 08 06 15 16 04 19 07 
20 03 30 09 26 14 17 29 16 17 08 23 02 05 27 07 30 21 02 14 24 08 29 21 15 26 27 30 29 07 07 18 09 28 19 26 11 05 24 26 13 23 18 14 20 06 13 19 26 06 24 20 13 22 02 28 17 20 27 07 26 25 17 04 22 05 30 02 01 15 19 14 30 29 19 19 26 23 29 22 29 22 03 03 06 26 30 14 15 19 21 10 13 07 05 05 03 04 28 03 
11 09 08 02 07 19 20 02 11 10 15 01 01 09 04 28 04 25 12 18 13 02 19 18 08 24 22 10 19 11 04 29 19 12 22 17 30 03 11 02 12 17 03 05 26 06 02 29 22 13 09 05 06 27 14 13 20 27 14 09 07 18 29 18 21 13 04 12 15 06 13 27 23 15 23 18 12 24 08 04 29 16 30 04 05 13 17 24 09 22 24 07 09 15 24 21 27 20 02 03 
25 07 29 17 21 21 26 25 07 04 20 05 11 11 08 15 15 16 01 15 08 16 21 08 30 07 21 18 26 22 21 20 28 11 29 11 24 16 27 30 19 08 04 30 18 03 06 24 19 06 08 18 22 28 17 13 26 07 01 21 21 13 03 10 23 23 12 16 08 30 07 27 07 10 18 16 05 15 09 15 21 08 24 04 28 10 08 23 09 08 14 21 12 08 22 05 30 26 12 07 
25 19 25 24 20 04 09 16 19 10 30 01 09 15 26 06 25 03 29 25 03 04 07 14 11 28 10 02 23 14 08 10 24 25 03 05 20 03 21 08 04 12 30 13 27 17 18 13 20 08 07 14 03 05 27 05 24 29 06 17 12 06 18 05 30 20 09 19 14 29 19 18 03 10 30 29 27 09 11 08 09 09 21 11 13 09 16 06 07 13 14 18 18 01 22 09 12 23 20 26 
13 30 13 15 01 04 13 27 04 23 26 04 23 16 15 27 25 22 25 23 26 08 11 06 01 24 14 04 16 25 29 29 24 03 05 25 28 18 13 24 02 01 27 25 08 03 21 02 16 15 17 12 15 27 17 07 20 22 10 28 17 01 18 02 25 22 18 23 09 23 08 03 23 04 19 30 29 09 24 14 16 10 17 22 28 25 28 17 17 29 06 25 21 15 18 16 07 06 30 07 
20 07 09 12 02 27 03 30 28 26 14 05 27 22 26 24 17 15 03 25 05 08 19 26 23 28 03 21 25 02 19 14 08 20 25 09 08 20 01 05 15 06 01 12 27 18 27 13 24 29 07 29 29 17 16 21 15 18 03 09 11 21 15 10 10 01 10 18 20 10 14 05 15 15 08 12 24 26 16 18 25 15 08 23 01 23 05 07 02 07 08 04 19 22 13 29 22 22 08 12 
02 21 08 08 27 07 19 21 02 05 08 18 11 07 10 11 21 14 10 14 12 09 17 01 30 29 21 13 12 28 16 13 10 23 13 07 21 01 19 15 27 26 02 07 24 12 10 14 17 11 27 29 19 13 21 18 03 11 22 14 30 08 19 09 22 01 07 13 23 25 27 20 12 28 18 05 01 19 18 18 29 06 08 17 18 20 26 20 30 18 26 21 25 14 29 08 14 06 20 06 
22 08 17 04 28 05 30 28 15 10 07 14 15 06 22 25 25 18 06 16 27 01 06 13 14 27 20 19 02 02 25 15 09 03 10 06 29 10 26 14 19 24 27 03 30 10 27 16 19 03 02 15 25 29 19 09 25 01 27 18 02 13 03 10 16 12 08 14 21 25 27 01 18 15 04 09 25 22 17 13 16 18 20 03 16 30 11 03 30 29 20 01 04 22 03 19 04 02 24 16 
26 13 17 05 27 12 06 13 25 22 18 03 09 29 05 16 28 07 18 28 05 08 20 08 21 14 18 16 07 12 02 02 24 10 29 12 21 04 17 07 25 04 09 25 24 05 02 21 11 12 10 16 11 22 15 01 27 03 17 04 06 10 27 21 19 25 02 01 28 10 07 14 05 08 30 28 12 02 11 23 13 20 30 23 03 14 15 30 08 01 03 13 10 29 03 20 24 27 20 13 
06 27 19 11 04 18 30 07 11 10 29 15 22 28 29 24 12 14 23 11 06 17 24 08 08 18 27 01 06 09 05 04 05 15 06 30 25 05 06 05 15 27 20 28 24 18 21 27 23 06 08 29 14 23 06 21 02 02 13 08 10 18 11 06 24 16 27 18 12 25 23 26 13 04 15 06 13 06 25 06 03 24 04 16 16 09 07 17 02 19 16 04 28 26 01 22 03 20 01 15 
14 23 02 26 18 17 23 01 14 17 06 16 02 01 23 17 01 29 26 02 10 11 27 07 29 28 20 23 17 21 29 22 05 01 09 23 09 01 15 14 10 12 21 11 12 13 20 12 12 07 05 13 09 02 19 07 21 01 22 29 21 20 20 25 12 28 09 12 20 15 25 21 26 15 02 29 20 13 10 23 19 07 05 27 30 23 26 20 23 17 18 05 28 07 22 10 26 30 21 15 
15 08 28 02 14 29 01 03 03 02 25 13 30 29 01 29 14 18 18 28 26 27 03 24 25 16 25 12 15 07 19 21 14 16 15 20 06 07 22 08 08 09 20 08 07 12 28 12 30 08 10 25 04 04 18 21 19 12 02 25 19 20 08 24 05 22 13 02 28 27 09 27 05 20 26 03 02 24 15 23 23 16 17 18 19 27 08 29 08 02 23 18 13 22 04 10 13 08 11 02 
04 20 21 30 01 16 03 24 01 17 16 23 02 25 03 12 21 10 02 28 03 16 08 16 08 03 25 12 10 05 14 14 16 04 13 09 11 07 02 04 23 10 26 16 04 28 19 24 30 20 13 02 06 12 09 13 14 03 24 24 30 29 29 15 24 03 23 27 02 17 30 24 26 17 02 21 07 20 14 06 02 18 29 07 30 08 11 05 02 26 20 01 17 10 08 02 05 22 28 06 
08 27 21 25 06 22 15 12 04 20 09 27 30 07 25 21 06 05 25 30 22 07 22 08 16 29 10 20 13 29 17 20 18 08 07 23 21 13 04 16 25 04 12 24 02 28 14 08 02 30 29 16 06 20 15 14 11 16 25 23 15 12 04 02 19 10 16 01 15 11 17 09 14 20 24 15 18 07 14 11 28 12 26 26 02 03 09 04 18 03 26 02 14 29 25 24 01 02 25 07 
12 03 15 25 14 08 02 01 06 15 04 03 27 21 28 20 23 28 23 11 01 10 04 06 30 21 22 22 22 08 28 26 10 04 12 15 11 13 16 08 28 11 03 16 01 22 27 16 20 11 18 12 20 13 09 11 03 30 03 17 07 22 04 08 26 15 23 28 28 30 28 17 10 30 02 02 21 28 17 10 08 04 13 19 17 22 29 11 21 23 19 20 15 22 27 02 07 11 21 26 
10 18 12 11 17 13 13 08 02 29 09 01 25 22 19 03 05 17 05 25 02 24 06 08 07 03 09 05 13 29 30 15 09 03 25 25 07 07 24 08 28 03 08 14 16 26 16 12 05 12 28 28 05 04 05 04 28 13 08 02 03 30 16 11 02 11 28 09 09 21 16 28 15 16 11 30 03 18 03 29 30 01 26 26 04 30 29 01 12 07 02 07 06 18 09 29 20 06 07 20 
27 15 18 11 30 28 03 02 08 05 01 07 05 26 02 08 18 23 30 29 21 02 27 18 11 06 16 22 11 23 11 07 07 20 10 28 10 12 21 17 08 13 15 13 01 16 12 18 30 12 08 20 05 05 07 07 02 23 20 12 07 22 11 05 12 12 02 21 15 22 29 22 27 13 26 27 20 08 14 20 11 21 01 07 17 08 05 18 30 24 22 06 15 24 02 26 05 03 08 19 
16 28 10 12 10 06 30 22 05 13 03 07 26 03 13 04 10 17 22 01 10 05 28 16 28 29 12 24 01 11 12 09 09 13 12 10 10 12 01 06 16 03 12 11 28 16 15 07 02 28 30 03 02 27 19 21 18 22 14 18 02 25 18 02 29 30 12 09 03 12 06 18 07 18 21 26 03 27 24 27 24 23 21 17 12 09 07 29 22 20 08 24 06 26 17 26 17 28 04 19 
02 10 06 30 19 26 25 21 22 18 09 07 03 30 15 14 30 21 12 22 02 19 07 29 14 23 25 30 21 20 18 14 21 16 13 09 03 29 22 17 16 30 23 18 21 08 23 21 20 04 12 14 23 10 12 28 02 06 28 14 26 07 27 16 14 01 17 17 29 30 25 07 21 17 24 12 16 17 02 28 12 05 11 04 14 14 02 15 20 21 21 07 19 17 14 25 18 22 11 08 
21 27 14 12 05 30 23 21 08 24 10 19 20 12 15 03 25 16 09 14 28 29 12 08 08 26 02 17 17 04 24 30 30 08 11 05 07 03 17 14 18 26 02 29 29 16 01 23 23 09 29 12 08 10 20 07 27 21 23 06 17 16 05 16 23 07 12 29 01 20 12 18 15 06 16 05 21 08 28 06 16 26 17 15 27 06 21 24 19 13 29 27 21 25 04 13 01 16 04 01 
05 15 10 12 12 17 16 25 16 05 30 23 30 16 08 27 14 20 12 24 25 02 20 15 26 15 19 18 22 22 10 19 29 19 30 10 27 07 04 12 12 03 04 03 11 03 21 24 15 02 09 01 03 20 15 20 04 25 07 26 17 16 14 15 26 05 24 14 03 28 17 06 22 13 09 02 15 29 17 21 23 17 21 25 06 27 15 10 22 13 27 08 21 10 22 16 06 07 22 08 
26 08 14 18 20 14 11 05 04 20 17 26 06 08 13 04 04 19 13 25 23 01 02 13 02 15 29 07 22 20 06 09 19 11 18 09 16 21 05 20 10 21 07 07 28 11 10 02 29 14 26 22 14 20 26 07 04 24 05 17 05 11 26 24 13 05 02 29 25 28 18 04 18 16 03 16 27 12 09 17 18 04 08 23 15 04 30 11 19 04 27 16 06 14 01 19 19 24 17 05 
21 26 01 08 11 03 23 07 06 01 16 23 27 23 16 03 18 07 13 29 02 02 06 08 15 06 18 25 29 04 30 11 21 30 18 23 24 03 22 29 25 07 22 21 21 29 16 01 05 28 29 28 29 04 05 06 01 22 22 21 17 21 01 29 12 18 22 27 20 13 26 07 19 09 19 09 29 04 09 25 02 29 22 30 24 27 27 24 10 19 14 27 01 06 25 05 24 08 01 05 
20 18 11 08 26 22 17 16 25 17 10 26 16 02 18 09 20 06 25 29 24 30 17 25 06 04 29 21 11 21 25 23 09 28 30 26 11 08 12 05 17 21 23 02 22 10 02 03 07 26 02 01 26 10 25 01 05 15 13 08 05 29 30 05 18 21 01 28 29 12 03 15 02 25 08 16 26 09 18 02 27 11 24 22 13 10 14 17 24 18 24 21 16 15 25 04 06 25 01 26 
28 25 10 30 19 09 07 06 17 24 30 05 27 23 18 09 03 01 17 18 18 03 30 26 17 17 29 22 11 29 17 01 16 18 30 26 26 06 02 05 21 23 09 17 07 27 25 01 19 04 19 29 06 18 24 22 04 14 14 07 12 22 07 19 10 28 15 27 25 16 01 15 30 02 02 06 20 18 07 30 21 17 28 26 04 13 10 30 26 23 28 30 06 26 18 15 23 02 12 17 
09 04 23 08 27 24 06 16 04 12 16 16 28 05 04 23 18 13 14 05 05 11 04 02 28 22 17 12 15 20 20 24 23 13 23 20 28 28 27 01 09 12 09 28 09 12 13 26 24 26 30 20 29 26 21 26 17 07 30 23 18 19 16 11 01 01 22 21 28 18 13 29 22 21 18 30 02 30 17 25 26 08 06 16 03 27 11 11 25 02 04 13 21 11 15 13 11 28 03 01 
07 16 21 20 06 08 11 08 08 27 24 25 05 30 10 07 18 20 10 12 22 13 16 04 23 22 16 26 19 11 26 18 26 16 07 01 15 18 30 22 14 16 16 10 07 17 09 24 29 18 27 12 30 05 15 14 26 22 01 07 02 18 24 27 25 22 20 10 09 11 23 15 26 01 16 24 17 24 09 15 03 06 26 02 10 10 08 27 24 08 03 25 18 18 22 12 10 03 21 10 
13 06 24 01 06 10 24 22 25 25 07 28 30 24 21 01 26 20 19 19 20 14 13 07 01 26 18 10 28 01 12 03 06 05 03 11 06 18 24 01 12 22 20 03 16 10 25 11 30 14 29 19 19 03 17 19 29 04 21 18 26 02 20 01 28 14 03 04 24 27 26 27 18 07 22 03 16 16 05 07 21 25 17 01 28 03 20 18 29 02 27 24 03 17 17 22 22 19 17 07 
15 12 04 25 10 25 19 18 02 24 24 15 18 03 15 07 27 26 16 17 27 13 03 21 21 19 05 04 29 21 11 06 25 14 30 04 30 18 21 23 03 07 29 13 01 06 11 27 01 27 06 20 01 08 02 13 18 06 16 08 27 26 13 21 01 04 16 22 14 07 15 08 13 13 20 13 18 01 01 11 19 28 30 19 27 01 23 14 29 08 14 25 26 26 07 26 22 22 18 05 
28 02 12 02 06 24 06 24 16 29 26 04 26 25 14 15 17 06 20 15 13 03 01 30 21 29 26 12 21 05 08 10 28 11 04 03 26 01 18 11 29 13 14 17 29 19 01 08 24 12 22 29 15 15 28 05 13 15 08 25 19 07 05 08 17 30 03 13 30 12 23 29 17 29 07 15 17 29 22 03 10 06 01 24 20 20 20 24 27 27 19 07 25 23 15 12 22 17 16 13 
28 30 11 06 20 09 21 07 07 04 09 09 09 01 02 20 12 14 14 08 02 02 15 27 16 29 30 29 07 15 11 26 06 14 02 26 22 14 24 21 17 02 29 18 24 22 07 05 05 12 05 29 13 19 25 20 09 24 18 15 30 29 10 27 04 03 22 25 16 15 07 03 08 05 12 01 19 18 28 23 22 02 21 26 12 07 16 20 22 25 04 13 15 05 10 18 08 01 05 15 
16 11 17 15 08 20 08 26 08 27 10 21 20 23 16 01 21 01 20 13 26 15 25 10 11 04 20 18 27 24 03 12 04 11 18 03 01 25 20 30 21 30 12 10 14 27 10 04 20 21 16 07 27 03 08 08 06 27 17 24 20 11 27 16 22 15 18 14 09 08 05 22 29 16 01 12 04 03 15 23 23 23 29 12 25 07 19 22 03 05 16 15 16 12 30 29 18 09 04 27 
08 08 18 28 15 10 09 18 12 16 03 27 30 01 08 24 29 26 07 24 22 14 08 07 26 29 27 05 29 30 01 29 29 10 26 13 20 27 23 23 04 25 19 03 17 18 18 08 05 24 01 27 08 30 25 25 28 22 29 18 13 22 16 12 01 04 16 12 22 30 05 25 16 15 27 03 03 14 10 07 29 02 03 28 01 20 22 20 03 13 07 15 04 15 18 26 10 26 30 01 
25 26 25 03 10 13 27 12 18 28 11 16 29 05 14 29 24 27 10 26 01 08 03 26 22 20 22 23 15 13 23 02 08 09 04 17 21 22 21 08 19 23 16 17 27 29 07 21 17 08 08 18 15 10 13 29 30 26 21 06 08 14 29 07 22 24 16 05 15 06 12 03 20 27 11 16 17 17 28 26 16 06 13 01 07 25 29 28 13 19 04 20 02 24 19 16 18 04 20 02 
09 23 27 28 20 07 05 28 16 03 23 01 30 27 01 06 14 29 04 26 10 29 07 03 22 25 18 01 28 07 25 28 30 21 17 11 27 22 30 04 16 15 27 15 11 19 12 24 10 07 11 19 05 18 21 19 12 09 19 10 07 13 29 28 03 16 30 22 29 30 17 14 06 13 20 16 02 01 02 03 08 12 21 04 29 11 22 03 11 03 04 18 07 02 07 02 09 07 15 07 
28 01 12 03 06 01 10 29 24 11 01 23 15 21 26 05 23 10 07 26 12 10 05 18 04 11 19 12 09 25 19 06 26 30 30 23 23 10 21 16 12 13 08 18 25 25 23 17 04 29 12 07 01 16 17 04 19 27 07 27 22 17 03 09 09 24 01 01 03 21 08 07 25 15 24 19 01 08 05 05 07 09 03 29 16 19 24 04 08 30 23 29 17 17 07 25 10 29 17 05 
19 24 11 13 08 26 23 08 04 27 04 02 27 07 30 05 17 15 30 24 14 22 14 22 08 12 08 18 10 24 22 20 09 24 24 08 19 16 08 14 05 11 15 23 09 06 27 18 20 27 03 26 10 09 09 18 20 17 27 22 02 10 11 11 03 27 18 13 12 25 27 08 28 03 01 28 09 19 15 20 07 18 15 17 26 24 04 07 10 22 28 03 01 01 13 25 27 23 29 30 
09 17 08 06 20 30 04 20 18 10 09 25 19 24 03 06 17 06 13 18 19 02 12 11 02 17 05 28 09 03 20 09 20 27 15 01 18 10 20 27 11 28 21 30 13 23 05 21 20 09 30 30 11 12 10 04 28 14 24 28 09 13 06 20 01 12 20 18 13 01 14 24 20 27 23 03 11 19 15 23 20 15 22 30 26 24 25 15 07 18 04 07 22 01 26 22 05 07 01 17 
29 15 10 19 03 24 21 13 05 05 27 24 11 19 15 28 04 09 04 10 19 07 09 10 30 26 24 04 25 24 20 23 30 22 11 02 15 23 07 19 20 03 04 22 13 18 20 16 27 23 18 07 22 18 16 21 13 01 24 07 25 05 22 24 26 24 18 03 17 16 21 28 10 25 19 23 04 08 30 22 23 09 28 14 26 06 04 01 06 19 29 22 23 20 08 19 14 25 21 22 
02 03 11 11 19 21 25 23 29 25 14 13 25 04 26 13 09 21 13 06 09 03 28 01 15 05 11 20 21 01 11 22 26 13 02 14 03 19 28 23 05 12 05 29 07 22 11 15 12 15 20 12 18 09 05 02 13 15 21 25 08 23 08 03 27 02 08 29 20 06 14 24 09 10 22 15 02 25 21 05 09 02 09 18 11 13 11 15 19 23 10 18 07 17 12 03 18 20 24 29 
17 29 22 25 08 14 01 09 30 21 06 30 22 14 10 02 26 20 09 06 05 18 24 03 26 05 28 06 16 21 04 02 19 26 26 26 01 18 27 30 08 02 21 22 15 30 15 02 20 23 07 16 02 22 18 28 27 15 03 12 27 06 14 07 01 01 25 23 11 21 22 10 14 13 01 20 12 08 21 23 30 19 30 24 11 18 21 29 24 23 10 21 20 15 19 13 08 13 05 18 
03 27 27 08 01 20 27 04 27 17 19 18 28 10 11 30 19 23 28 13 07 29 25 27 06 13 09 13 26 13 22 20 01 10 28 23 29 24 19 17 03 29 27 22 08 07 21 27 22 10 01 28 08 25 24 05 29 24 17 16 29 30 28 21 10 25 14 30 10 24 09 04 22 05 17 29 03 07 17 24 08 17 22 16 11 07 20 02 01 29 17 29 20 14 19 21 30 24 13 02 
09 21 05 30 17 22 21 11 20 07 05 20 24 18 05 26 24 16 27 16 06 06 06 18 19 17 08 11 02 20 12 11 02 08 10 10 21 30 21 03 07 17 22 22 04 18 17 19 25 06 27 01 11 02 10 21 18 17 01 20 29 12 30 22 12 01 02 02 23 22 04 21 08 25 12 03 12 20 21 07 25 17 29 05 11 08 18 28 16 18 09 06 22 30 28 03 01 29 26 15 
12 30 05 19 16 08 21 28 27 03 26 22 12 16 18 22 15 05 11 30 15 20 06 28 11 25 22 03 23 17 17 04 08 13 14 24 20 26 13 17 28 08 08 01 15 17 22 29 14 03 20 28 14 17 25 16 11 16 19 25 24 27 20 02 10 03 25 29 20 07 15 18 06 14 18 12 23 02 10 06 26 29 03 01 16 19 16 18 26 04 13 19 23 02 20 02 27 06 30 16 
04 07 25 01 20 05 12 04 06 21 09 23 12 03 23 19 13 08 06 08 04 10 19 26 04 30 27 22 06 18 29 01 24 24 02 06 20 05 09 25 18 18 17 29 12 09 09 25 08 06 02 11 16 12 06 11 12 02 02 09 12 22 01 05 15 02 02 04 29 11 20 16 20 28 06 23 28 14 17 06 19 11 16 26 22 14 28 25 07 21 25 18 13 26 23 19 19 24 15 17 
26 04 02 07 24 07 30 21 12 16 18 23 18 26 10 10 09 08 26 15 20 21 25 02 08 17 13 26 02 27 13 20 22 06 18 15 05 17 28 16 25 15 30 12 10 10 13 10 09 09 17 28 21 11 22 28 19 04 15 12 30 19 01 13 25 19 28 21 27 17 06 21 23 06 03 25 07 15 04 15 15 20 12 05 22 25 24 10 28 09 22 19 27 22 02 13 02 21 03 29 
